[gd_scene load_steps=3 format=2]

[sub_resource type="SphereMesh" id=1]
radius = 0.05
height = 0.1

[sub_resource type="CapsuleMesh" id=2]
radius = 0.02
mid_height = 0.1

[node name="Spatial" type="MeshInstance"]
mesh = SubResource( 1 )
material/0 = null

[node name="MeshInstance" type="MeshInstance" parent="."]
transform = Transform( 0.828168, 0.0744179, -0.555518, 0, 0.991146, 0.132775, 0.56048, -0.10996, 0.820835, 0.0150252, 0.0219577, -0.0610271 )
mesh = SubResource( 2 )
material/0 = null

[node name="MeshInstance5" type="MeshInstance" parent="."]
transform = Transform( 0.828168, 0.0744179, -0.555518, 0, 0.991146, 0.132775, 0.56048, -0.10996, 0.820835, 0.00948871, -0.0233477, -0.0809105 )
mesh = SubResource( 2 )
material/0 = null

[node name="MeshInstance3" type="MeshInstance" parent="."]
transform = Transform( 0.828168, 0.0744179, -0.555518, 0, 0.991146, 0.132775, 0.56048, -0.10996, 0.820835, 0.00293046, -0.000307914, -0.0712937 )
mesh = SubResource( 2 )
material/0 = null

[node name="MeshInstance4" type="MeshInstance" parent="."]
transform = Transform( 0.828168, 0.0744179, -0.555518, 0, 0.991146, 0.132775, 0.56048, -0.10996, 0.820835, 0.00389233, -0.0364232, -0.0491488 )
mesh = SubResource( 2 )
material/0 = null

[node name="MeshInstance2" type="MeshInstance" parent="."]
transform = Transform( 1, 0, 0, 0, 0.962602, -0.27092, 0, 0.27092, 0.962602, 0.0118095, 0.0403402, -0.0326132 )
mesh = SubResource( 2 )
material/0 = null
